1 0.236556
2 0.458542
3 0.564483
4 0.619318
5 0.65383
6 0.677113
7 0.693324
8 0.706481
9 0.719796
10 0.735184
11 0.750662
12 0.763555
13 0.774098
14 0.78437
15 0.795459
16 0.808152
17 0.824012
18 0.842121
19 0.8587
20 0.872423
21 0.883797
22 0.893822
23 0.902562
24 0.910703
25 0.917782
26 0.924004
27 0.929281
28 0.933934
29 0.937587
30 0.941171
31 0.944322
32 0.946975
33 0.949456
34 0.951516
35 0.953422
36 0.955245
37 0.956802
38 0.958432
39 0.959809
40 0.961174
41 0.9623
42 0.963466
43 0.964466
44 0.965498
45 0.966435
46 0.967382
47 0.968183
48 0.968983
49 0.96977
50 0.970533
51 0.971186
52 0.971856
53 0.972456
54 0.973006
55 0.973596
56 0.974089
57 0.974652
58 0.975173
59 0.975606
60 0.975936
61 0.976323
62 0.976675
63 0.977058
64 0.977389
65 0.977735
66 0.978057
67 0.978312
68 0.97857
69 0.978834
70 0.979048
71 0.979276
72 0.979502
73 0.979702
74 0.979871
75 0.980051
76 0.980242
77 0.980391
78 0.980546
79 0.980685
80 0.980856
81 0.98097
82 0.981078
83 0.981227
84 0.981294
85 0.981402
86 0.981507
87 0.981611
88 0.981663
89 0.981742
90 0.981836
91 0.981909
92 0.982027
93 0.982148
94 0.982222
95 0.982324
96 0.982406
97 0.982535
98 0.982576
99 0.982707
100 0.98279
