1 0.236556
2 0.529321
3 0.608734
4 0.653064
5 0.673287
6 0.688995
7 0.70268
8 0.714625
9 0.727513
10 0.742345
11 0.758332
12 0.774181
13 0.789629
14 0.804081
15 0.816842
16 0.828039
17 0.839519
18 0.852575
19 0.868058
20 0.884061
21 0.898387
22 0.909627
23 0.917884
24 0.924118
25 0.929207
26 0.933762
27 0.937883
28 0.941575
29 0.944727
30 0.947375
31 0.9497
32 0.951746
33 0.95357
34 0.955335
35 0.956888
36 0.958387
37 0.959771
38 0.961105
39 0.962378
40 0.963515
41 0.964606
42 0.965632
43 0.966612
44 0.967518
45 0.968361
46 0.969173
47 0.969902
48 0.970617
49 0.971314
50 0.972019
51 0.972656
52 0.973312
53 0.973912
54 0.974446
55 0.974987
56 0.975445
57 0.975869
58 0.976307
59 0.976709
60 0.977067
61 0.977403
62 0.977729
63 0.978037
64 0.978344
65 0.978627
66 0.978917
67 0.979176
68 0.979397
69 0.979615
70 0.979861
71 0.980079
72 0.980268
73 0.980466
74 0.98066
75 0.980828
76 0.981
77 0.98116
78 0.981286
79 0.981431
80 0.98159
81 0.981735
82 0.98187
83 0.981991
84 0.982106
85 0.982224
86 0.982356
87 0.982483
88 0.982616
89 0.982746
90 0.982872
91 0.982997
92 0.983129
93 0.983258
94 0.983389
95 0.983518
96 0.983644
97 0.983769
98 0.983863
99 0.983963
100 0.984079
