1 0.763444
2 0.556866
3 0.47627
4 0.42849
5 0.393703
6 0.366672
7 0.342378
8 0.321678
9 0.301829
10 0.283291
11 0.266691
12 0.250816
13 0.235545
14 0.220792
15 0.207771
16 0.195437
17 0.182839
18 0.172476
19 0.163126
20 0.152868
21 0.144664
22 0.136327
23 0.129058
24 0.121801
25 0.115757
26 0.110359
27 0.104874
28 0.099727
29 0.095373
30 0.09099
31 0.08744
32 0.083444
33 0.080244
34 0.077345
35 0.073595
36 0.071549
37 0.068848
38 0.066641
39 0.064403
40 0.062568
41 0.060659
42 0.058113
43 0.05671
44 0.054878
45 0.053557
46 0.052083
47 0.050881
48 0.04943
49 0.048051
50 0.046988
51 0.04594
52 0.045022
53 0.043992
54 0.042715
55 0.041874
56 0.041405
57 0.040542
58 0.039437
59 0.038666
60 0.038221
61 0.037309
62 0.036746
63 0.036422
64 0.035654
65 0.034845
66 0.034386
67 0.033669
68 0.033069
69 0.03244
70 0.032143
71 0.032088
72 0.031357
73 0.030813
74 0.030511
75 0.030168
76 0.029868
77 0.02919
78 0.029031
79 0.028667
80 0.028231
81 0.027889
82 0.02757
83 0.027346
84 0.027023
85 0.026745
86 0.026467
87 0.026006
88 0.025663
89 0.02556
90 0.025223
91 0.025076
92 0.024906
93 0.024641
94 0.024268
95 0.024062
96 0.023685
97 0.02347
98 0.023274
99 0.023162
100 0.022892
101 0.022446
102 0.022407
103 0.022275
104 0.021912
105 0.021943
106 0.021504
107 0.021526
108 0.021322
109 0.021099
110 0.020865
111 0.021105
112 0.020736
113 0.020198
114 0.0203
115 0.020058
116 0.019794
117 0.01994
118 0.019531
119 0.01949
120 0.0195
121 0.019172
