1 0.283894
2 0.539088
3 0.657005
4 0.723032
5 0.760652
6 0.7855
7 0.803312
8 0.818144
9 0.830652
10 0.841339
11 0.849917
12 0.857498
13 0.863754
14 0.869352
15 0.874143
16 0.878318
17 0.882118
18 0.885361
19 0.888327
20 0.891041
21 0.893348
22 0.895543
23 0.897609
24 0.899587
25 0.901484
26 0.903299
27 0.905006
28 0.906585
29 0.908171
30 0.909463
31 0.91087
32 0.912314
33 0.913607
34 0.914867
35 0.916055
36 0.917336
37 0.918496
38 0.919582
39 0.920634
40 0.921671
41 0.922553
42 0.923475
43 0.924232
44 0.925182
45 0.926017
46 0.926805
47 0.927577
48 0.928361
49 0.929107
50 0.929796
51 0.930518
52 0.931153
53 0.931879
54 0.932589
55 0.933192
56 0.933745
57 0.934331
58 0.93501
59 0.935552
60 0.936146
61 0.936762
62 0.937263
63 0.93785
64 0.93836
65 0.938776
66 0.93924
67 0.939814
68 0.940224
69 0.940706
70 0.94117
71 0.94159
72 0.942076
73 0.942521
74 0.943027
75 0.943381
76 0.943899
77 0.944257
78 0.944718
79 0.945159
80 0.945594
81 0.946067
82 0.9465
83 0.946866
84 0.947342
85 0.947738
86 0.948154
87 0.948493
88 0.948891
89 0.949212
90 0.949597
91 0.949933
92 0.950247
93 0.950545
94 0.95082
95 0.95107
96 0.951359
97 0.951673
98 0.951891
99 0.95215
100 0.952381
