1 0.716106
2 0.467762
3 0.370789
4 0.316073
5 0.280752
6 0.25367
7 0.232676
8 0.216995
9 0.203807
10 0.19232
11 0.182689
12 0.174787
13 0.167586
14 0.161149
15 0.155484
16 0.150483
17 0.145366
18 0.141649
19 0.137621
20 0.134407
21 0.131235
22 0.128132
23 0.125446
24 0.12276
25 0.120349
26 0.118083
27 0.115597
28 0.113842
29 0.111658
30 0.109812
31 0.108349
32 0.106219
33 0.104713
34 0.103153
35 0.102061
36 0.100605
37 0.09878
38 0.097635
39 0.096647
40 0.09537
41 0.094416
42 0.09271
43 0.092035
44 0.090895
45 0.089823
46 0.089103
47 0.088115
48 0.08692
49 0.085937
50 0.085209
51 0.084233
52 0.083607
53 0.082662
54 0.081934
55 0.080841
56 0.080378
57 0.079496
58 0.079135
59 0.078432
60 0.077461
61 0.076943
62 0.076256
63 0.075641
64 0.074925
65 0.074348
66 0.073972
67 0.073434
68 0.072604
69 0.072281
70 0.071533
71 0.070837
72 0.070355
73 0.070243
74 0.069405
75 0.069112
76 0.06849
77 0.068006
78 0.067484
79 0.067326
80 0.067019
81 0.066387
82 0.065932
83 0.065473
84 0.065037
85 0.064682
86 0.064143
87 0.063902
88 0.063479
89 0.062947
90 0.062667
91 0.062142
92 0.061915
93 0.061535
94 0.061362
95 0.060666
96 0.060742
97 0.05986
98 0.05982
99 0.059559
100 0.058761
101 0.058606
102 0.058617
103 0.058371
104 0.057805
105 0.057496
106 0.057009
107 0.056979
108 0.056673
109 0.056526
110 0.056084
111 0.055723
112 0.055521
113 0.055267
114 0.054906
115 0.054644
116 0.054512
117 0.054475
118 0.053985
119 0.053463
120 0.053387
121 0.05315
