1 0.370263
2 0.771162
3 0.853077
4 0.888558
5 0.908656
6 0.936614
7 0.959304
8 0.953836
9 0.958123
10 0.970772
11 0.995599
12 0.995874
13 0.996116
14 0.99629
15 0.996424
16 0.996532
17 0.99662
18 0.996695
19 0.996763
20 0.996838
21 0.996892
22 0.996963
23 0.99698
24 0.997083
25 0.997165
26 0.997238
27 0.997287
28 0.997571
29 0.997606
30 0.997644
31 0.997696
32 0.997797
33 0.99786
34 0.997952
35 0.998087
36 0.998123
37 0.99816
38 0.998176
39 0.998208
40 0.998261
41 0.99829
42 0.998307
43 0.998312
44 0.998345
45 0.998362
46 0.998383
47 0.998438
48 0.998443
49 0.998454
50 0.998471
51 0.998491
52 0.998502
53 0.99851
54 0.998528
55 0.998542
56 0.998555
57 0.998583
58 0.998592
59 0.998593
60 0.998597
61 0.998599
62 0.998631
63 0.998664
64 0.998682
65 0.998697
66 0.998693
67 0.998697
68 0.99871
69 0.99874
70 0.998763
71 0.998778
72 0.998802
73 0.998798
74 0.998811
75 0.998831
76 0.998854
77 0.998857
78 0.99887
79 0.998937
80 0.998957
81 0.998967
82 0.998973
83 0.998973
84 0.998967
85 0.998971
86 0.998968
87 0.998976
88 0.998995
89 0.998991
90 0.998978
91 0.998987
92 0.998992
93 0.999001
94 0.999008
95 0.999023
96 0.999024
97 0.999046
98 0.999045
99 0.999052
100 0.999055
