1 0.629737
2 0.241862
3 0.171863
4 0.131349
5 0.101196
6 0.076717
7 0.059009
8 0.044086
9 0.030372
10 0.017221
11 0.006184
12 0.005606
13 0.005219
14 0.005087
15 0.004768
16 0.004548
17 0.004235
18 0.004153
19 0.004007
20 0.003826
21 0.003692
22 0.003585
23 0.003447
24 0.003257
25 0.003182
26 0.003113
27 0.002975
28 0.002896
29 0.002859
30 0.002714
31 0.002624
32 0.002576
33 0.00256
34 0.002475
35 0.002381
36 0.00237
37 0.002371
38 0.002222
39 0.002243
40 0.002168
41 0.002162
42 0.002138
43 0.002094
44 0.002045
45 0.002054
46 0.001966
47 0.001936
48 0.001958
49 0.001924
50 0.001872
51 0.001799
52 0.001863
53 0.001859
54 0.00183
55 0.001769
56 0.001724
57 0.001748
58 0.001697
59 0.001667
60 0.001664
61 0.001642
62 0.001646
63 0.001664
64 0.001592
65 0.001549
66 0.001573
67 0.00154
68 0.001487
69 0.001507
70 0.001498
71 0.001489
72 0.001483
73 0.001478
74 0.001447
75 0.00142
76 0.00143
77 0.001432
78 0.00139
79 0.001345
80 0.001406
81 0.001366
82 0.001322
83 0.001312
84 0.001342
85 0.001331
86 0.001298
87 0.001288
88 0.001247
89 0.001291
90 0.001229
91 0.001208
92 0.001231
93 0.001242
94 0.001226
95 0.001225
96 0.001204
97 0.001198
98 0.001165
99 0.001153
100 0.001156
101 0.001146
102 0.001124
103 0.001113
104 0.001088
105 0.001124
106 0.001079
107 0.001118
108 0.001104
109 0.001115
110 0.001023
111 0.001043
112 0.001052
113 0.001056
114 0.001041
115 0.001014
116 0.001008
117 0.001031
118 0.001006
119 0.001027
120 0.000988
121 0.00099
