1 0.207621
2 0.470763
3 0.589645
4 0.670632
5 0.725836
6 0.763975
7 0.789711
8 0.80824
9 0.822877
10 0.835794
11 0.847072
12 0.856878
13 0.865149
14 0.872538
15 0.878959
16 0.884794
17 0.890003
18 0.894769
19 0.898998
20 0.902684
21 0.906298
22 0.909357
23 0.912141
24 0.914676
25 0.91713
26 0.919247
27 0.92133
28 0.923112
29 0.924764
30 0.926268
31 0.927811
32 0.929151
33 0.930456
34 0.931688
35 0.93283
36 0.933881
37 0.935017
38 0.936015
39 0.936989
40 0.937885
41 0.9387
42 0.939552
43 0.940306
44 0.941085
45 0.941726
46 0.942446
47 0.943078
48 0.943757
49 0.944367
50 0.944926
51 0.945528
52 0.94611
53 0.94674
54 0.947526
55 0.948214
56 0.949113
57 0.950197
58 0.951225
59 0.952403
60 0.953574
61 0.95479
62 0.955877
63 0.956885
64 0.958051
65 0.958884
66 0.959616
67 0.960399
68 0.961076
69 0.961787
70 0.962467
71 0.963199
72 0.963823
73 0.964336
74 0.964977
75 0.965668
76 0.966117
77 0.966574
78 0.966917
79 0.967385
80 0.967718
81 0.968165
82 0.968794
83 0.968984
84 0.96921
85 0.969564
86 0.96991
87 0.970169
88 0.970307
89 0.97039
90 0.970638
91 0.97091
92 0.971115
93 0.971321
94 0.97147
95 0.971625
96 0.971781
97 0.971923
98 0.972106
99 0.972258
100 0.972422
