1 0.207621
2 0.516839
3 0.632442
4 0.71738
5 0.765338
6 0.79272
7 0.810528
8 0.823504
9 0.83485
10 0.845322
11 0.855161
12 0.864356
13 0.872546
14 0.879868
15 0.886047
16 0.891318
17 0.896032
18 0.900309
19 0.904234
20 0.907681
21 0.910934
22 0.913887
23 0.916542
24 0.918911
25 0.921104
26 0.923147
27 0.924966
28 0.926659
29 0.928249
30 0.929626
31 0.930986
32 0.932253
33 0.933516
34 0.934571
35 0.935662
36 0.936706
37 0.937699
38 0.938671
39 0.939567
40 0.940409
41 0.941239
42 0.942079
43 0.942861
44 0.943624
45 0.944305
46 0.944938
47 0.945602
48 0.946193
49 0.946755
50 0.947301
51 0.947806
52 0.948328
53 0.948833
54 0.949373
55 0.949947
56 0.95057
57 0.951278
58 0.952137
59 0.953052
60 0.953998
61 0.955079
62 0.956251
63 0.95755
64 0.958814
65 0.960159
66 0.961473
67 0.962721
68 0.963878
69 0.96498
70 0.965929
71 0.966788
72 0.967465
73 0.968028
74 0.968499
75 0.968905
76 0.969267
77 0.969569
78 0.969854
79 0.970105
80 0.970374
81 0.970623
82 0.970884
83 0.971127
84 0.971386
85 0.971619
86 0.971852
87 0.972048
88 0.972242
89 0.972447
90 0.972656
91 0.972842
92 0.97302
93 0.973199
94 0.973371
95 0.973545
96 0.973687
97 0.973865
98 0.974024
99 0.974188
100 0.974375
