1 0.207621
2 0.457677
3 0.576377
4 0.645306
5 0.690764
6 0.723445
7 0.748485
8 0.769249
9 0.785713
10 0.800787
11 0.812738
12 0.82287
13 0.832719
14 0.840906
15 0.848042
16 0.854777
17 0.861228
18 0.8671
19 0.871516
20 0.876036
21 0.880285
22 0.884117
23 0.88762
24 0.891055
25 0.894401
26 0.897007
27 0.900232
28 0.90261
29 0.904809
30 0.907418
31 0.909197
32 0.911662
33 0.913802
34 0.915321
35 0.917049
36 0.918797
37 0.920411
38 0.922107
39 0.923416
40 0.924666
41 0.926491
42 0.92774
43 0.928692
44 0.930187
45 0.93116
46 0.932962
47 0.933861
48 0.934669
49 0.935964
50 0.936597
51 0.938139
52 0.938575
53 0.939256
54 0.940586
55 0.941558
56 0.941693
57 0.942918
58 0.943917
59 0.944463
60 0.945385
61 0.945722
62 0.946818
63 0.947478
64 0.947873
65 0.948784
66 0.94954
67 0.949898
68 0.950803
69 0.951297
70 0.951923
71 0.952473
72 0.953185
73 0.953271
74 0.953982
75 0.954701
76 0.954888
77 0.955331
78 0.95584
79 0.956599
80 0.956784
81 0.9575
82 0.957743
83 0.958178
84 0.958685
85 0.959043
86 0.959469
87 0.959888
88 0.960151
89 0.960376
90 0.9608
91 0.961323
92 0.961483
93 0.961856
94 0.962132
95 0.962573
96 0.962886
97 0.96341
98 0.963598
99 0.964015
100 0.964077
